0 0.072532 0.092751 0.134764 0.155650
0 0.221459 0.091684 0.144206 0.110874
0 0.394421 0.095949 0.181116 0.115139
0 0.588841 0.093817 0.188841 0.093817
0 0.808584 0.094883 0.226609 0.095949
0 0.119313 0.257996 0.224893 0.115139
0 0.335193 0.254797 0.179399 0.117271
0 0.524893 0.253731 0.177682 0.098081
0 0.714592 0.256930 0.179399 0.108742
0 0.906438 0.252665 0.176824 0.108742
0 0.095279 0.399787 0.180258 0.113006
0 0.249785 0.428571 0.104721 0.170576
0 0.384549 0.440299 0.144206 0.172708
0 0.556652 0.432836 0.179399 0.166311
0 0.731760 0.447761 0.146781 0.191898
0 0.102575 0.694030 0.194850 0.219616
0 0.296567 0.692964 0.179399 0.187633
0 0.484120 0.699360 0.175107 0.149254
0 0.661373 0.694030 0.165665 0.159915
0 0.842489 0.696162 0.167382 0.151386
0 0.071674 0.882729 0.131330 0.115139
0 0.198712 0.886994 0.098712 0.098081
0 0.334335 0.907249 0.151931 0.138593
0 0.470386 0.907249 0.096137 0.078891
0 0.618455 0.908316 0.172532 0.085288
