0 0.043684 0.079480 0.080000 0.138728
0 0.125789 0.134393 0.070526 0.248555
0 0.202105 0.164017 0.072632 0.247110
0 0.275000 0.145231 0.066842 0.264451
0 0.350263 0.140173 0.070000 0.196532
0 0.075789 0.324422 0.147368 0.105491
0 0.234737 0.349711 0.161053 0.124277
0 0.414474 0.340318 0.185789 0.145954
0 0.620263 0.342486 0.217368 0.141618
0 0.836316 0.341763 0.206316 0.119942
0 0.112105 0.494220 0.217895 0.121387
0 0.358158 0.500723 0.261579 0.143064
0 0.633421 0.493497 0.275263 0.128613
0 0.827105 0.498555 0.101579 0.072254
0 0.940526 0.485549 0.111579 0.098266
0 0.037895 0.653902 0.071579 0.134393
0 0.128158 0.648844 0.103684 0.104046
0 0.243421 0.684971 0.115263 0.196532
0 0.368684 0.680636 0.125789 0.141618
0 0.598421 0.671965 0.318947 0.150289
0 0.627105 0.890173 0.176316 0.199422
0 0.448158 0.861272 0.171053 0.127168
0 0.293947 0.860549 0.125789 0.145954
0 0.166053 0.861272 0.115263 0.127168
0 0.054211 0.822254 0.097895 0.078035
