0 0.093130 0.091912 0.158779 0.088235
0 0.251908 0.093750 0.116031 0.099265
0 0.375573 0.093750 0.085496 0.084559
0 0.487786 0.095588 0.083969 0.080882
0 0.615267 0.090074 0.128244 0.077206
0 0.126718 0.277574 0.232061 0.084559
0 0.346565 0.275735 0.158779 0.088235
0 0.528244 0.279412 0.158779 0.080882
0 0.704580 0.281250 0.148092 0.091912
0 0.877863 0.284926 0.149618 0.091912
0 0.054198 0.463235 0.080916 0.080882
0 0.180153 0.465074 0.116031 0.084559
0 0.320611 0.481618 0.122137 0.125000
0 0.466412 0.481618 0.126718 0.088235
0 0.629008 0.479779 0.158779 0.084559
0 0.094656 0.680147 0.167939 0.080882
0 0.302290 0.681985 0.198473 0.084559
0 0.526718 0.681985 0.198473 0.091912
0 0.727481 0.681985 0.154198 0.084559
0 0.909160 0.683824 0.154198 0.073529
0 0.090840 0.863971 0.157252 0.095588
0 0.270992 0.860294 0.157252 0.095588
0 0.456489 0.863971 0.161832 0.088235
0 0.603053 0.889706 0.094656 0.132353
0 0.741221 0.884191 0.132824 0.143382
