0 0.086968 0.156604 0.166836 0.267925
0 0.280426 0.164151 0.207911 0.275472
0 0.473631 0.185849 0.165314 0.341509
0 0.671146 0.192453 0.221602 0.339623
0 0.892748 0.202830 0.208418 0.262264
0 0.102434 0.483019 0.197769 0.218868
0 0.304767 0.519811 0.195740 0.281132
0 0.506592 0.525472 0.197769 0.243396
0 0.689402 0.519811 0.153651 0.205660
0 0.828347 0.530189 0.114097 0.105660
0 0.091024 0.794340 0.174949 0.241509
0 0.241633 0.798113 0.109026 0.094340
0 0.401116 0.797170 0.195740 0.137736
0 0.584178 0.788679 0.154158 0.154717
