0 0.059856 0.062663 0.105263 0.099217
0 0.179567 0.090078 0.115583 0.122715
0 0.285346 0.092689 0.067079 0.112272
0 0.385965 0.090078 0.101135 0.060052
0 0.507740 0.118799 0.113519 0.169713
0 0.070175 0.318538 0.123839 0.104439
0 0.306502 0.313316 0.319917 0.135770
0 0.529412 0.314621 0.105263 0.112272
0 0.649639 0.317232 0.112487 0.112272
0 0.785862 0.321149 0.128999 0.114883
0 0.092363 0.496084 0.168215 0.109661
0 0.277606 0.523499 0.171311 0.195822
0 0.468524 0.526110 0.181631 0.117493
0 0.681115 0.527415 0.212590 0.125326
0 0.882353 0.526110 0.156863 0.112272
0 0.065015 0.732376 0.113519 0.122715
0 0.192466 0.738903 0.112487 0.109661
0 0.349329 0.737598 0.168215 0.101828
0 0.607327 0.737598 0.316821 0.096606
0 0.885965 0.737598 0.213622 0.096606
0 0.115067 0.913838 0.213622 0.114883
0 0.339009 0.919060 0.201238 0.104439
0 0.555212 0.915144 0.200206 0.096606
0 0.725490 0.916449 0.111455 0.104439
0 0.876677 0.916449 0.155831 0.109661
