0 0.050167 0.072464 0.088629 0.096618
0 0.142559 0.089372 0.071070 0.115942
0 0.234950 0.090580 0.091973 0.118357
0 0.338211 0.094203 0.091137 0.101449
0 0.434365 0.088164 0.082776 0.055556
0 0.050167 0.252415 0.086957 0.089372
0 0.143395 0.252415 0.081104 0.079710
0 0.230351 0.254831 0.071070 0.070048
0 0.296823 0.253623 0.048495 0.038647
0 0.373746 0.254831 0.081940 0.094203
0 0.032191 0.369565 0.045987 0.033816
0 0.107441 0.379227 0.082776 0.062802
0 0.193980 0.382850 0.063545 0.065217
0 0.266304 0.451691 0.052676 0.207729
0 0.334448 0.446860 0.053512 0.169082
0 0.201923 0.708937 0.119565 0.089372
0 0.334030 0.708937 0.126254 0.103865
0 0.484950 0.704106 0.147157 0.108696
0 0.033863 0.706522 0.052676 0.200483
0 0.100753 0.708937 0.059365 0.157005
0 0.093227 0.919082 0.174749 0.108696
0 0.272993 0.919082 0.161371 0.108696
0 0.454849 0.919082 0.175585 0.108696
0 0.658027 0.921498 0.210702 0.103865
0 0.884615 0.921498 0.219064 0.103865
