0 0.604907 0.462662 0.143824 0.159091
0 0.674069 0.258929 0.175550 0.167208
0 0.849831 0.263799 0.168359 0.137987
0 0.909475 0.672890 0.175127 0.150974
0 0.772208 0.876623 0.106176 0.220779
0 0.627750 0.843344 0.173435 0.154221
0 0.448604 0.840097 0.172166 0.147727
0 0.269459 0.832792 0.174281 0.146104
0 0.708122 0.668019 0.221658 0.128247
0 0.481387 0.668019 0.221658 0.141234
0 0.274535 0.667208 0.184433 0.142857
0 0.089890 0.667208 0.173012 0.142857
0 0.085237 0.436688 0.163706 0.142857
0 0.218274 0.439123 0.091371 0.131494
0 0.333122 0.434253 0.128173 0.131494
0 0.462775 0.461039 0.131980 0.240260
0 0.494712 0.263799 0.173012 0.170455
0 0.610618 0.089286 0.098562 0.142857
0 0.398477 0.088474 0.129442 0.144481
0 0.243020 0.089286 0.173012 0.142857
0 0.076565 0.090909 0.147208 0.139610
