0 0.046618 0.119863 0.063985 0.150685
0 0.137112 0.118151 0.065814 0.119863
0 0.227605 0.121575 0.060329 0.160959
0 0.319927 0.121575 0.062157 0.119863
0 0.444241 0.118151 0.131627 0.044521
0 0.084095 0.323630 0.135283 0.085616
0 0.263254 0.325342 0.157221 0.068493
0 0.468007 0.321918 0.186472 0.075342
0 0.679159 0.325342 0.173675 0.075342
0 0.892139 0.325342 0.186472 0.075342
0 0.126143 0.498288 0.230347 0.085616
0 0.391225 0.494863 0.237660 0.099315
0 0.582267 0.496575 0.089580 0.047945
0 0.708410 0.494863 0.100548 0.078767
0 0.817185 0.494863 0.065814 0.078767
0 0.058501 0.647260 0.091408 0.061644
0 0.182815 0.683219 0.102377 0.113014
0 0.319013 0.684932 0.111517 0.082192
0 0.544790 0.684932 0.281536 0.082192
0 0.753199 0.684932 0.091408 0.041096
0 0.065814 0.871575 0.102377 0.085616
0 0.201097 0.873288 0.117002 0.082192
0 0.361060 0.873288 0.148080 0.082192
0 0.542962 0.897260 0.157221 0.123288
0 0.723949 0.890411 0.164534 0.089041
