0 0.788698 0.581250 0.063882 0.137500
0 0.891892 0.581250 0.063882 0.137500
0 0.214988 0.581250 0.056511 0.112500
0 0.314496 0.581250 0.058968 0.087500
0 0.448403 0.581250 0.056511 0.112500
0 0.552826 0.581250 0.054054 0.087500
4 0.842752 0.325000 0.058968 0.225000
4 0.941032 0.331250 0.058968 0.237500
4 0.603194 0.331250 0.056511 0.237500
4 0.498771 0.325000 0.058968 0.250000
4 0.256757 0.343750 0.061425 0.237500
4 0.165848 0.337500 0.061425 0.250000
6 0.164619 0.850000 0.063882 0.250000
6 0.255528 0.850000 0.063882 0.250000
6 0.498771 0.837500 0.058968 0.250000
