0 0.270867 0.138889 0.086743 0.203704
0 0.391980 0.152778 0.080196 0.194444
0 0.509820 0.138889 0.080196 0.185185
0 0.684943 0.162037 0.080196 0.194444
0 0.684124 0.787037 0.098200 0.388889
0 0.827332 0.615741 0.073650 0.194444
0 0.274959 0.712963 0.085106 0.259259
0 0.139116 0.532407 0.081833 0.305556
0 0.390344 0.722222 0.080196 0.277778
0 0.512275 0.685185 0.078560 0.259259
1 0.824877 0.856481 0.029460 0.250000
1 0.820786 0.226852 0.040917 0.305556
1 0.746318 0.412037 0.062193 0.157407
1 0.626023 0.435185 0.067103 0.166667
1 0.472995 0.412037 0.117840 0.157407
1 0.324877 0.402778 0.080196 0.157407
1 0.212766 0.407407 0.062193 0.129630
1 0.135025 0.208333 0.040917 0.250000
