0 0.104966 0.157895 0.088036 0.180451
0 0.239278 0.165414 0.085779 0.165414
0 0.375847 0.169173 0.083521 0.157895
0 0.514673 0.161654 0.085779 0.172932
0 0.652370 0.169173 0.076749 0.172932
0 0.282167 0.507519 0.063205 0.187970
0 0.129797 0.443609 0.088036 0.345865
0 0.406321 0.447368 0.076749 0.323308
0 0.547404 0.439850 0.079007 0.353383
0 0.680587 0.439850 0.079007 0.353383
1 0.765237 0.477444 0.076749 0.293233
1 0.490971 0.500000 0.083521 0.278195
1 0.352144 0.503759 0.081264 0.255639
1 0.218962 0.515038 0.085779 0.263158
4 0.676072 0.766917 0.083521 0.255639
4 0.540632 0.766917 0.079007 0.255639
4 0.400677 0.770677 0.074492 0.233083
4 0.269752 0.770677 0.065463 0.263158
4 0.134312 0.766917 0.069977 0.255639
